# PSIPRED VFORMAT (S4PRED V1.2.4)

   1 M C   1.000  0.000  0.000
   2 L C   0.993  0.007  0.000
   3 K C   0.831  0.166  0.003
   4 R C   0.810  0.186  0.004
   5 E C   0.744  0.251  0.005
   6 R C   0.719  0.277  0.004
   7 N C   0.757  0.240  0.003
   8 R C   0.742  0.254  0.005
   9 V C   0.715  0.272  0.013
  10 S C   0.692  0.293  0.015
  11 T C   0.587  0.397  0.016
  12 V C   0.515  0.461  0.023
  13 Q H   0.463  0.505  0.032
  14 Q H   0.451  0.520  0.029
  15 L H   0.487  0.490  0.023
  16 T C   0.510  0.471  0.019
  17 K H   0.445  0.534  0.021
  18 R C   0.502  0.466  0.032
  19 F C   0.555  0.393  0.052
  20 S C   0.655  0.298  0.047
  21 L C   0.511  0.465  0.024
  22 G C   0.586  0.398  0.016
  23 M C   0.609  0.368  0.022
  24 L C   0.718  0.265  0.017
  25 Q C   0.935  0.054  0.011
  26 G C   0.971  0.023  0.007
  27 R C   0.948  0.049  0.003
  28 G C   0.800  0.198  0.002
  29 P H   0.476  0.522  0.002
  30 L H   0.312  0.679  0.009
  31 K H   0.222  0.766  0.012
  32 L H   0.175  0.808  0.017
  33 F H   0.182  0.798  0.020
  34 M H   0.211  0.767  0.022
  35 A H   0.209  0.773  0.018
  36 L H   0.192  0.796  0.012
  37 V H   0.177  0.814  0.009
  38 A H   0.189  0.803  0.007
  39 F H   0.204  0.789  0.007
  40 L H   0.166  0.823  0.011
  41 R H   0.187  0.802  0.011
  42 F H   0.265  0.725  0.010
  43 L C   0.623  0.369  0.008
  44 T C   0.766  0.227  0.007
  45 I C   0.935  0.060  0.005
  46 P C   0.854  0.144  0.002
  47 P C   0.808  0.191  0.001
  48 T C   0.775  0.222  0.003
  49 A C   0.660  0.333  0.007
  50 G C   0.599  0.385  0.015
  51 I H   0.273  0.703  0.024
  52 L H   0.285  0.691  0.023
  53 K H   0.299  0.678  0.023
  54 R H   0.355  0.621  0.024
  55 W H   0.400  0.571  0.029
  56 G C   0.759  0.193  0.048
  57 T C   0.741  0.200  0.059
  58 I C   0.755  0.159  0.086
  59 K C   0.755  0.173  0.072
  60 K H   0.300  0.673  0.027
  61 S H   0.320  0.668  0.012
  62 K H   0.229  0.760  0.012
  63 A H   0.179  0.803  0.018
  64 I H   0.164  0.809  0.028
  65 N H   0.167  0.800  0.033
  66 V H   0.123  0.847  0.030
  67 L H   0.125  0.854  0.021
  68 R H   0.123  0.868  0.009
  69 G H   0.212  0.780  0.008
  70 F H   0.225  0.766  0.008
  71 R H   0.143  0.849  0.008
  72 K H   0.135  0.858  0.006
  73 E H   0.124  0.868  0.008
  74 I H   0.113  0.878  0.008
  75 G H   0.123  0.871  0.005
  76 R H   0.128  0.866  0.006
  77 M H   0.114  0.877  0.009
  78 L H   0.172  0.814  0.014
  79 N H   0.289  0.697  0.014
  80 I H   0.299  0.683  0.018
  81 L H   0.323  0.660  0.017
  82 N H   0.453  0.535  0.011
  83 R C   0.633  0.362  0.005
  84 R C   0.715  0.277  0.008
  85 R C   0.729  0.259  0.012
  86 R C   0.764  0.215  0.021
  87 T C   0.743  0.193  0.064
  88 A C   0.789  0.142  0.070
  89 G C   0.709  0.129  0.162
  90 V C   0.530  0.131  0.339
  91 I E   0.321  0.156  0.523
  92 I E   0.254  0.178  0.568
  93 M E   0.370  0.145  0.485
  94 L C   0.536  0.108  0.356
  95 I C   0.680  0.089  0.231
  96 P C   0.728  0.131  0.142
  97 T C   0.778  0.183  0.040
  98 A C   0.703  0.208  0.089
  99 M C   0.529  0.276  0.196
 100 A C   0.405  0.334  0.262
 101 F C   0.388  0.309  0.303
 102 H C   0.378  0.339  0.282
 103 L C   0.402  0.336  0.262
 104 T C   0.480  0.309  0.211
 105 T C   0.723  0.167  0.111
 106 R C   0.835  0.099  0.066
 107 N C   0.966  0.031  0.002
 108 G C   0.988  0.004  0.008
 109 E C   0.765  0.003  0.232
 110 P C   0.555  0.015  0.431
 111 H C   0.541  0.020  0.438
 112 M E   0.284  0.018  0.698
 113 I E   0.246  0.017  0.737
 114 V E   0.253  0.015  0.731
 115 S E   0.367  0.012  0.621
 116 K C   0.596  0.037  0.367
 117 Q C   0.816  0.056  0.129
 118 E C   0.868  0.057  0.075
 119 K C   0.912  0.047  0.042
 120 G C   0.913  0.028  0.059
 121 K C   0.761  0.035  0.204
 122 S C   0.519  0.036  0.445
 123 L E   0.469  0.046  0.485
 124 L E   0.397  0.041  0.562
 125 F E   0.359  0.037  0.604
 126 K E   0.380  0.025  0.595
 127 T C   0.832  0.038  0.131
 128 E C   0.885  0.096  0.020
 129 D C   0.875  0.120  0.005
 130 G C   0.814  0.139  0.048
 131 V C   0.694  0.131  0.175
 132 N C   0.550  0.131  0.320
 133 M C   0.356  0.309  0.335
 134 C E   0.325  0.329  0.346
 135 T H   0.303  0.370  0.327
 136 L H   0.309  0.367  0.324
 137 M C   0.357  0.328  0.315
 138 A C   0.445  0.337  0.218
 139 M C   0.543  0.299  0.158
 140 D C   0.601  0.311  0.088
 141 L C   0.552  0.429  0.020
 142 G C   0.572  0.414  0.014
 143 E C   0.595  0.382  0.023
 144 L C   0.604  0.334  0.063
 145 C C   0.642  0.259  0.099
 146 E C   0.639  0.263  0.099
 147 D C   0.622  0.240  0.138
 148 T C   0.558  0.198  0.244
 149 I C   0.433  0.235  0.332
 150 T C   0.426  0.242  0.331
 151 Y C   0.488  0.201  0.311
 152 N C   0.660  0.106  0.234
 153 C C   0.906  0.038  0.057
 154 P C   0.698  0.270  0.032
 155 L C   0.638  0.316  0.046
 156 L C   0.617  0.339  0.044
 157 R C   0.684  0.273  0.043
 158 Q C   0.833  0.142  0.025
 159 N C   0.903  0.078  0.019
 160 E C   0.972  0.007  0.020
 161 P C   0.778  0.197  0.024
 162 E C   0.698  0.259  0.043
 163 D C   0.666  0.269  0.065
 164 I C   0.663  0.169  0.168
 165 D C   0.566  0.169  0.264
 166 C C   0.467  0.216  0.317
 167 W C   0.478  0.206  0.315
 168 C C   0.508  0.214  0.277
 169 N C   0.688  0.195  0.117
 170 A C   0.789  0.160  0.051
 171 T C   0.774  0.144  0.082
 172 S C   0.739  0.138  0.123
 173 T C   0.633  0.133  0.234
 174 W C   0.434  0.155  0.412
 175 V E   0.342  0.183  0.475
 176 T E   0.402  0.177  0.420
 177 Y C   0.502  0.117  0.380
 178 G C   0.661  0.055  0.284
 179 T C   0.635  0.058  0.306
 180 C C   0.676  0.061  0.263
 181 T C   0.768  0.078  0.154
 182 A C   0.795  0.089  0.116
 183 T C   0.831  0.071  0.099
 184 G C   0.846  0.057  0.097
 185 E C   0.782  0.090  0.128
 186 H C   0.708  0.101  0.191
 187 R C   0.592  0.136  0.272
 188 R C   0.606  0.141  0.253
 189 E C   0.614  0.139  0.246
 190 K C   0.617  0.117  0.266
 191 R C   0.646  0.073  0.280
 192 S C   0.524  0.052  0.424
 193 V E   0.416  0.042  0.542
 194 A E   0.443  0.031  0.525
 195 L E   0.464  0.025  0.511
 196 V C   0.632  0.027  0.341
 197 P C   0.780  0.042  0.178
 198 H C   0.795  0.042  0.163
 199 V C   0.822  0.054  0.124
 200 G C   0.835  0.067  0.099
 201 M C   0.839  0.070  0.091
 202 G C   0.862  0.059  0.079
 203 L C   0.745  0.153  0.102
 204 E C   0.716  0.161  0.123
 205 T C   0.720  0.163  0.117
 206 R C   0.700  0.158  0.142
 207 T C   0.681  0.153  0.166
 208 E C   0.605  0.177  0.217
 209 T C   0.553  0.180  0.267
 210 W C   0.505  0.204  0.291
 211 M C   0.519  0.189  0.292
 212 S C   0.792  0.124  0.085
 213 S C   0.783  0.197  0.020
 214 E C   0.612  0.383  0.005
 215 G C   0.580  0.417  0.003
 216 A H   0.301  0.692  0.007
 217 W H   0.233  0.742  0.025
 218 K H   0.226  0.733  0.042
 219 H H   0.207  0.759  0.034
 220 A H   0.222  0.754  0.024
 221 Q H   0.212  0.744  0.044
 222 R H   0.200  0.744  0.056
 223 I H   0.185  0.766  0.049
 224 E H   0.156  0.807  0.037
 225 T H   0.162  0.798  0.040
 226 W H   0.123  0.842  0.036
 227 I H   0.124  0.852  0.025
 228 L H   0.190  0.792  0.017
 229 R H   0.434  0.558  0.009
 230 H C   0.960  0.039  0.001
 231 P H   0.441  0.559  0.000
 232 G H   0.341  0.658  0.001
 233 F H   0.179  0.812  0.009
 234 T H   0.159  0.820  0.021
 235 I H   0.066  0.895  0.038
 236 M H   0.043  0.912  0.045
 237 A H   0.045  0.895  0.060
 238 A H   0.036  0.909  0.055
 239 I H   0.041  0.914  0.044
 240 L H   0.055  0.913  0.032
 241 A H   0.080  0.901  0.019
 242 Y H   0.130  0.854  0.015
 243 T H   0.200  0.790  0.009
 244 I H   0.310  0.685  0.005
 245 G C   0.590  0.408  0.002
 246 T C   0.572  0.427  0.001
 247 T C   0.508  0.488  0.004
 248 Y H   0.316  0.677  0.007
 249 F H   0.209  0.779  0.012
 250 Q H   0.212  0.766  0.022
 251 R H   0.208  0.746  0.046
 252 V H   0.178  0.756  0.067
 253 L H   0.130  0.779  0.092
 254 I H   0.084  0.823  0.093
 255 F H   0.082  0.823  0.094
 256 I H   0.125  0.781  0.095
 257 L H   0.181  0.736  0.083
 258 L H   0.242  0.696  0.063
 259 T H   0.360  0.589  0.051
 260 A C   0.545  0.431  0.023
 261 V C   0.546  0.442  0.012
 262 A C   0.577  0.419  0.003
 263 P H   0.396  0.602  0.001
 264 S H   0.399  0.595  0.005
 265 M H   0.457  0.530  0.013
 266 T H   0.415  0.535  0.049
 267 M H   0.371  0.534  0.095
 268 R H   0.315  0.551  0.133
 269 C H   0.274  0.564  0.162
 270 I C   0.462  0.358  0.180
 271 G C   0.710  0.132  0.159
 272 I C   0.675  0.139  0.187
 273 S C   0.690  0.141  0.169
 274 N C   0.601  0.350  0.048
 275 R H   0.423  0.512  0.065
 276 D H   0.418  0.496  0.086
 277 F C   0.461  0.428  0.111
 278 V C   0.496  0.381  0.123
 279 E C   0.588  0.282  0.130
 280 G C   0.652  0.243  0.105
 281 V C   0.690  0.220  0.090
 282 S C   0.782  0.165  0.054
 283 G C   0.926  0.041  0.033
 284 G C   0.939  0.023  0.038
 285 S C   0.843  0.049  0.108
 286 W C   0.408  0.230  0.362
 287 V E   0.197  0.286  0.517
 288 D E   0.164  0.274  0.561
 289 I E   0.111  0.223  0.665
 290 V E   0.128  0.219  0.654
 291 L E   0.251  0.196  0.553
 292 E C   0.506  0.193  0.301
 293 H C   0.683  0.151  0.166
 294 G C   0.863  0.040  0.097
 295 S C   0.683  0.050  0.267
 296 C E   0.322  0.092  0.586
 297 V E   0.271  0.120  0.609
 298 T E   0.334  0.132  0.534
 299 T E   0.400  0.132  0.468
 300 M C   0.514  0.123  0.363
 301 A C   0.651  0.108  0.240
 302 K C   0.767  0.089  0.144
 303 N C   0.866  0.045  0.090
 304 K C   0.869  0.010  0.121
 305 P C   0.854  0.022  0.124
 306 T C   0.668  0.025  0.308
 307 L C   0.613  0.030  0.357
 308 D C   0.640  0.029  0.331
 309 F E   0.303  0.274  0.423
 310 E E   0.215  0.290  0.495
 311 L E   0.217  0.288  0.495
 312 I E   0.343  0.188  0.469
 313 K C   0.479  0.168  0.354
 314 T C   0.631  0.170  0.198
 315 E C   0.689  0.164  0.147
 316 A C   0.762  0.110  0.128
 317 K C   0.863  0.068  0.069
 318 Q C   0.963  0.009  0.028
 319 P C   0.889  0.087  0.025
 320 A C   0.681  0.220  0.100
 321 T C   0.572  0.210  0.218
 322 L C   0.440  0.273  0.288
 323 R C   0.387  0.285  0.329
 324 K E   0.324  0.279  0.396
 325 Y E   0.247  0.242  0.511
 326 C E   0.211  0.218  0.571
 327 I E   0.178  0.247  0.575
 328 E E   0.206  0.236  0.557
 329 A E   0.267  0.206  0.527
 330 R E   0.366  0.181  0.453
 331 L C   0.549  0.133  0.319
 332 T C   0.686  0.087  0.227
 333 N C   0.800  0.042  0.158
 334 T C   0.878  0.037  0.085
 335 T C   0.883  0.037  0.081
 336 T C   0.866  0.055  0.079
 337 A C   0.859  0.074  0.067
 338 S C   0.843  0.074  0.083
 339 R C   0.847  0.061  0.092
 340 C C   0.953  0.005  0.042
 341 P C   0.969  0.013  0.018
 342 T C   0.964  0.013  0.022
 343 Q C   0.972  0.010  0.018
 344 G C   0.975  0.003  0.022
 345 E C   0.974  0.005  0.021
 346 P C   0.960  0.015  0.024
 347 S C   0.949  0.018  0.033
 348 L C   0.922  0.036  0.042
 349 N C   0.928  0.040  0.032
 350 E C   0.699  0.264  0.037
 351 E C   0.661  0.287  0.052
 352 Q C   0.673  0.281  0.046
 353 D C   0.777  0.170  0.053
 354 K C   0.689  0.136  0.175
 355 R C   0.556  0.100  0.343
 356 F E   0.369  0.076  0.555
 357 V E   0.363  0.044  0.593
 358 C E   0.464  0.043  0.493
 359 K C   0.571  0.085  0.344
 360 H C   0.595  0.145  0.260
 361 S C   0.597  0.148  0.254
 362 M C   0.528  0.148  0.323
 363 V C   0.561  0.100  0.339
 364 D C   0.689  0.083  0.228
 365 R C   0.853  0.058  0.089
 366 G C   0.854  0.048  0.098
 367 W C   0.818  0.066  0.116
 368 G C   0.830  0.086  0.085
 369 N C   0.841  0.089  0.070
 370 G C   0.812  0.112  0.076
 371 C C   0.768  0.116  0.116
 372 G C   0.689  0.171  0.141
 373 L C   0.640  0.189  0.171
 374 F C   0.727  0.122  0.152
 375 G C   0.826  0.101  0.072
 376 K C   0.829  0.131  0.040
 377 G C   0.837  0.140  0.023
 378 G C   0.791  0.124  0.084
 379 I C   0.473  0.169  0.358
 380 V E   0.396  0.166  0.439
 381 T E   0.350  0.155  0.495
 382 C E   0.345  0.143  0.512
 383 A E   0.377  0.150  0.473
 384 M E   0.333  0.158  0.509
 385 F E   0.338  0.133  0.528
 386 T E   0.370  0.092  0.538
 387 C E   0.431  0.063  0.506
 388 K C   0.616  0.092  0.292
 389 K C   0.655  0.115  0.230
 390 N C   0.761  0.133  0.106
 391 M C   0.759  0.081  0.160
 392 E C   0.771  0.015  0.214
 393 G C   0.753  0.012  0.235
 394 K C   0.624  0.009  0.367
 395 I E   0.470  0.005  0.525
 396 V C   0.557  0.002  0.442
 397 Q C   0.925  0.001  0.074
 398 P C   0.675  0.279  0.045
 399 E C   0.645  0.263  0.092
 400 N C   0.613  0.253  0.135
 401 L C   0.507  0.034  0.459
 402 E E   0.290  0.013  0.697
 403 Y E   0.171  0.006  0.823
 404 T E   0.088  0.003  0.909
 405 I E   0.047  0.001  0.952
 406 V E   0.042  0.001  0.957
 407 V E   0.074  0.001  0.925
 408 T E   0.424  0.000  0.575
 409 P C   0.782  0.004  0.214
 410 H C   0.885  0.006  0.109
 411 S C   0.942  0.012  0.046
 412 G C   0.928  0.037  0.035
 413 E C   0.906  0.059  0.034
 414 E C   0.874  0.068  0.057
 415 N C   0.862  0.056  0.082
 416 A C   0.871  0.042  0.087
 417 V C   0.877  0.030  0.093
 418 G C   0.900  0.027  0.073
 419 N C   0.894  0.029  0.076
 420 D C   0.903  0.028  0.070
 421 T C   0.902  0.037  0.061
 422 G C   0.868  0.051  0.081
 423 K C   0.820  0.058  0.122
 424 H C   0.821  0.036  0.142
 425 G C   0.783  0.022  0.195
 426 K C   0.578  0.019  0.403
 427 E E   0.301  0.013  0.686
 428 I E   0.271  0.005  0.724
 429 K E   0.224  0.003  0.773
 430 V E   0.329  0.002  0.669
 431 T C   0.675  0.001  0.324
 432 P C   0.834  0.009  0.157
 433 Q C   0.849  0.055  0.096
 434 S C   0.790  0.073  0.138
 435 S C   0.706  0.090  0.204
 436 I C   0.630  0.042  0.328
 437 T C   0.575  0.035  0.390
 438 E E   0.386  0.146  0.468
 439 A E   0.304  0.144  0.552
 440 E E   0.252  0.134  0.614
 441 L E   0.351  0.121  0.528
 442 T C   0.521  0.063  0.416
 443 G C   0.572  0.023  0.405
 444 Y C   0.530  0.018  0.452
 445 G E   0.343  0.010  0.647
 446 T E   0.178  0.013  0.809
 447 V E   0.137  0.013  0.850
 448 T E   0.127  0.014  0.859
 449 M E   0.170  0.016  0.814
 450 E E   0.220  0.016  0.764
 451 C E   0.358  0.013  0.629
 452 S C   0.682  0.012  0.306
 453 P C   0.831  0.049  0.120
 454 R C   0.869  0.065  0.065
 455 T C   0.862  0.045  0.093
 456 G C   0.873  0.015  0.113
 457 L C   0.836  0.018  0.146
 458 D C   0.854  0.018  0.128
 459 F C   0.595  0.223  0.183
 460 N C   0.610  0.180  0.210
 461 E C   0.505  0.122  0.373
 462 M E   0.184  0.050  0.766
 463 V E   0.034  0.043  0.923
 464 L E   0.028  0.042  0.930
 465 L E   0.035  0.042  0.924
 466 Q E   0.062  0.044  0.894
 467 M E   0.204  0.043  0.753
 468 E C   0.552  0.065  0.383
 469 N C   0.827  0.054  0.120
 470 K C   0.698  0.055  0.247
 471 A E   0.450  0.064  0.486
 472 W E   0.240  0.082  0.678
 473 L E   0.131  0.071  0.798
 474 V E   0.127  0.057  0.815
 475 H E   0.164  0.037  0.800
 476 R E   0.211  0.072  0.717
 477 Q E   0.208  0.141  0.651
 478 W E   0.212  0.175  0.613
 479 F E   0.302  0.195  0.503
 480 L C   0.498  0.184  0.318
 481 D C   0.681  0.045  0.274
 482 L C   0.850  0.001  0.148
 483 P C   0.896  0.002  0.102
 484 L C   0.929  0.031  0.041
 485 P C   0.925  0.043  0.032
 486 W C   0.849  0.052  0.099
 487 L C   0.874  0.006  0.119
 488 P C   0.885  0.009  0.105
 489 G C   0.845  0.048  0.107
 490 A C   0.760  0.065  0.175
 491 D C   0.645  0.066  0.289
 492 I C   0.670  0.043  0.287
 493 Q C   0.647  0.030  0.323
 494 G C   0.812  0.037  0.151
 495 S C   0.821  0.037  0.141
 496 N C   0.774  0.056  0.170
 497 W C   0.657  0.062  0.281
 498 I E   0.413  0.047  0.540
 499 Q E   0.370  0.050  0.580
 500 K E   0.370  0.061  0.569
 501 E E   0.341  0.064  0.595
 502 T E   0.236  0.052  0.712
 503 L E   0.158  0.029  0.813
 504 V E   0.127  0.024  0.849
 505 T E   0.137  0.020  0.843
 506 F E   0.233  0.012  0.755
 507 K E   0.476  0.008  0.516
 508 K C   0.892  0.009  0.098
 509 P C   0.946  0.030  0.025
 510 H C   0.896  0.039  0.065
 511 A C   0.864  0.046  0.090
 512 K C   0.819  0.026  0.155
 513 K C   0.767  0.033  0.201
 514 Q C   0.673  0.025  0.302
 515 D C   0.584  0.020  0.396
 516 V E   0.116  0.006  0.878
 517 V E   0.048  0.005  0.947
 518 V E   0.048  0.005  0.947
 519 L E   0.129  0.005  0.866
 520 G E   0.365  0.008  0.627
 521 S C   0.583  0.014  0.403
 522 Q C   0.764  0.070  0.166
 523 E C   0.792  0.116  0.092
 524 G C   0.802  0.125  0.073
 525 A C   0.673  0.171  0.156
 526 M C   0.583  0.166  0.251
 527 H C   0.500  0.155  0.345
 528 T C   0.474  0.154  0.372
 529 A C   0.480  0.159  0.361
 530 L C   0.524  0.157  0.319
 531 T C   0.630  0.129  0.242
 532 G C   0.781  0.032  0.187
 533 A C   0.694  0.024  0.282
 534 T E   0.447  0.020  0.533
 535 E E   0.109  0.017  0.874
 536 I E   0.091  0.015  0.895
 537 Q E   0.110  0.014  0.876
 538 M E   0.353  0.022  0.625
 539 S C   0.731  0.025  0.243
 540 S C   0.860  0.036  0.104
 541 G C   0.880  0.025  0.095
 542 N C   0.712  0.028  0.259
 543 L E   0.260  0.024  0.716
 544 L E   0.193  0.021  0.786
 545 F E   0.202  0.022  0.776
 546 T E   0.376  0.012  0.612
 547 G C   0.508  0.006  0.486
 548 H E   0.455  0.010  0.535
 549 L E   0.388  0.013  0.599
 550 K E   0.298  0.013  0.689
 551 C E   0.243  0.013  0.744
 552 R E   0.193  0.010  0.797
 553 L E   0.188  0.009  0.803
 554 R E   0.278  0.007  0.714
 555 M E   0.429  0.032  0.539
 556 D C   0.579  0.045  0.376
 557 K E   0.437  0.062  0.501
 558 L E   0.350  0.043  0.607
 559 Q E   0.202  0.042  0.755
 560 L E   0.253  0.032  0.716
 561 K C   0.539  0.016  0.445
 562 G C   0.696  0.019  0.284
 563 M E   0.439  0.017  0.544
 564 S E   0.351  0.018  0.631
 565 Y E   0.281  0.065  0.654
 566 S E   0.305  0.072  0.623
 567 M E   0.455  0.072  0.473
 568 C C   0.588  0.044  0.368
 569 T C   0.645  0.013  0.343
 570 G C   0.602  0.004  0.394
 571 K E   0.281  0.005  0.714
 572 F E   0.144  0.007  0.849
 573 K E   0.064  0.008  0.928
 574 V E   0.050  0.007  0.943
 575 V E   0.075  0.015  0.910
 576 K E   0.136  0.036  0.827
 577 E E   0.182  0.056  0.761
 578 I E   0.160  0.080  0.760
 579 A E   0.228  0.096  0.676
 580 E E   0.417  0.075  0.509
 581 T C   0.681  0.053  0.266
 582 Q C   0.820  0.025  0.155
 583 H C   0.890  0.002  0.108
 584 G C   0.538  0.000  0.462
 585 T E   0.113  0.000  0.887
 586 I E   0.012  0.000  0.988
 587 V E   0.004  0.000  0.996
 588 V E   0.004  0.000  0.996
 589 R E   0.011  0.000  0.989
 590 V E   0.032  0.000  0.968
 591 Q E   0.059  0.001  0.940
 592 Y E   0.139  0.001  0.860
 593 E C   0.680  0.001  0.319
 594 G C   0.916  0.001  0.083
 595 D C   0.981  0.001  0.018
 596 G C   0.970  0.002  0.028
 597 S C   0.869  0.002  0.130
 598 P C   0.507  0.004  0.488
 599 C E   0.358  0.003  0.639
 600 K E   0.262  0.002  0.736
 601 I E   0.351  0.001  0.648
 602 P E   0.401  0.003  0.595
 603 F E   0.233  0.068  0.700
 604 E E   0.136  0.085  0.779
 605 I E   0.120  0.093  0.787
 606 M E   0.223  0.056  0.721
 607 D E   0.368  0.055  0.577
 608 L C   0.728  0.163  0.110
 609 E C   0.759  0.161  0.080
 610 K C   0.798  0.131  0.072
 611 R C   0.829  0.072  0.100
 612 H C   0.482  0.058  0.460
 613 V E   0.344  0.042  0.614
 614 L E   0.332  0.033  0.635
 615 G E   0.398  0.033  0.569
 616 R E   0.285  0.029  0.686
 617 L E   0.170  0.024  0.806
 618 I E   0.130  0.014  0.856
 619 T E   0.159  0.010  0.832
 620 V E   0.306  0.012  0.682
 621 N C   0.658  0.010  0.333
 622 P C   0.725  0.071  0.205
 623 I C   0.603  0.059  0.338
 624 V C   0.664  0.045  0.292
 625 T C   0.778  0.020  0.202
 626 E C   0.887  0.024  0.090
 627 K C   0.926  0.027  0.047
 628 D C   0.936  0.022  0.042
 629 S C   0.920  0.003  0.077
 630 P C   0.904  0.010  0.087
 631 V C   0.674  0.012  0.314
 632 N E   0.447  0.013  0.540
 633 I E   0.406  0.018  0.576
 634 E E   0.411  0.018  0.571
 635 A E   0.450  0.011  0.539
 636 E C   0.719  0.002  0.279
 637 P C   0.912  0.003  0.085
 638 P C   0.961  0.003  0.035
 639 F C   0.950  0.006  0.044
 640 G C   0.863  0.008  0.129
 641 D C   0.735  0.008  0.257
 642 S E   0.272  0.005  0.723
 643 Y E   0.070  0.005  0.925
 644 I E   0.021  0.005  0.974
 645 I E   0.020  0.004  0.977
 646 I E   0.052  0.002  0.946
 647 G E   0.152  0.001  0.848
 648 V E   0.235  0.000  0.765
 649 E C   0.708  0.002  0.290
 650 P C   0.837  0.103  0.059
 651 G C   0.804  0.114  0.082
 652 Q E   0.408  0.114  0.478
 653 L E   0.240  0.048  0.713
 654 K E   0.211  0.037  0.752
 655 L E   0.176  0.062  0.762
 656 S E   0.168  0.092  0.739
 657 W E   0.149  0.108  0.743
 658 F E   0.199  0.122  0.680
 659 K E   0.414  0.129  0.458
 660 K C   0.809  0.076  0.114
 661 G C   0.924  0.045  0.031
 662 S C   0.897  0.058  0.045
 663 S C   0.685  0.239  0.076
 664 I H   0.308  0.632  0.060
 665 G H   0.307  0.632  0.061
 666 Q H   0.287  0.620  0.093
 667 M H   0.239  0.577  0.184
 668 F H   0.191  0.500  0.309
 669 E H   0.186  0.501  0.312
 670 T H   0.215  0.450  0.336
 671 T H   0.301  0.440  0.259
 672 M H   0.378  0.414  0.208
 673 R C   0.559  0.354  0.088
 674 G C   0.686  0.280  0.034
 675 A C   0.659  0.283  0.058
 676 K C   0.563  0.268  0.170
 677 R E   0.309  0.224  0.466
 678 M E   0.168  0.198  0.634
 679 A E   0.108  0.202  0.690
 680 I E   0.143  0.187  0.670
 681 L E   0.311  0.180  0.508
 682 G C   0.595  0.129  0.276
 683 D C   0.710  0.201  0.089
 684 T C   0.617  0.275  0.108
 685 A H   0.410  0.471  0.119
 686 W H   0.398  0.484  0.117
 687 D C   0.482  0.450  0.067
 688 F C   0.541  0.432  0.027
 689 G C   0.594  0.393  0.014
 690 S C   0.546  0.444  0.010
 691 L H   0.342  0.651  0.008
 692 G H   0.247  0.747  0.006
 693 G H   0.224  0.766  0.010
 694 V H   0.163  0.817  0.020
 695 F H   0.152  0.815  0.034
 696 T H   0.171  0.795  0.034
 697 S H   0.144  0.832  0.024
 698 I H   0.054  0.941  0.005
 699 G H   0.053  0.946  0.001
 700 K H   0.043  0.956  0.001
 701 A H   0.038  0.961  0.001
 702 L H   0.030  0.968  0.001
 703 H H   0.054  0.944  0.002
 704 Q H   0.099  0.897  0.004
 705 V H   0.124  0.870  0.006
 706 F H   0.113  0.882  0.005
 707 G H   0.185  0.809  0.006
 708 A H   0.181  0.806  0.014
 709 I H   0.164  0.819  0.017
 710 Y H   0.145  0.844  0.012
 711 G H   0.284  0.707  0.009
 712 A H   0.292  0.698  0.009
 713 A H   0.248  0.743  0.009
 714 F H   0.299  0.697  0.004
 715 S H   0.440  0.558  0.002
 716 G H   0.478  0.522  0.001
 717 V H   0.359  0.640  0.001
 718 S H   0.303  0.696  0.001
 719 W H   0.064  0.935  0.001
 720 T H   0.028  0.971  0.001
 721 M H   0.013  0.986  0.001
 722 K H   0.010  0.989  0.002
 723 I H   0.009  0.990  0.002
 724 L H   0.010  0.988  0.002
 725 I H   0.012  0.986  0.002
 726 G H   0.026  0.969  0.005
 727 V H   0.040  0.954  0.006
 728 V H   0.020  0.965  0.016
 729 I H   0.016  0.960  0.024
 730 T H   0.026  0.947  0.026
 731 W H   0.066  0.903  0.030
 732 I H   0.149  0.833  0.018
 733 G H   0.354  0.637  0.009
 734 M H   0.475  0.522  0.003
 735 N C   0.679  0.319  0.001
 736 S C   0.823  0.177  0.001
 737 R C   0.765  0.233  0.002
 738 S C   0.752  0.246  0.003
 739 T C   0.600  0.393  0.007
 740 S C   0.507  0.482  0.010
 741 L H   0.316  0.670  0.014
 742 S H   0.250  0.730  0.020
 743 V H   0.115  0.862  0.023
 744 S H   0.078  0.895  0.027
 745 L H   0.057  0.911  0.032
 746 V H   0.042  0.928  0.030
 747 L H   0.045  0.933  0.022
 748 V H   0.071  0.914  0.015
 749 G H   0.099  0.893  0.009
 750 V H   0.101  0.887  0.012
 751 V H   0.076  0.900  0.024
 752 T H   0.050  0.914  0.037
 753 L H   0.061  0.902  0.037
 754 Y H   0.091  0.876  0.033
 755 L H   0.134  0.836  0.030
 756 G H   0.281  0.691  0.029
 757 V H   0.286  0.673  0.041
 758 M H   0.286  0.644  0.070
 759 V H   0.363  0.550  0.087
 760 Q C   0.468  0.440  0.092
 761 A C   0.579  0.369  0.053
 762 D C   0.702  0.285  0.012
 763 S C   0.765  0.216  0.018
 764 G C   0.776  0.162  0.062
 765 C C   0.666  0.194  0.140
 766 V C   0.459  0.226  0.315
 767 V C   0.415  0.233  0.352
 768 S C   0.415  0.231  0.354
 769 W C   0.387  0.298  0.315
 770 K C   0.461  0.358  0.181
 771 N C   0.581  0.340  0.079
 772 T C   0.547  0.368  0.085
 773 A C   0.467  0.390  0.143
 774 L C   0.438  0.380  0.181
 775 K C   0.467  0.356  0.177
 776 C C   0.585  0.188  0.227
 777 G C   0.758  0.043  0.199
 778 S C   0.739  0.032  0.230
 779 G E   0.324  0.022  0.654
 780 I E   0.110  0.024  0.866
 781 F E   0.067  0.032  0.901
 782 I E   0.135  0.035  0.830
 783 T E   0.351  0.045  0.604
 784 D C   0.767  0.054  0.179
 785 N C   0.869  0.093  0.038
 786 V C   0.619  0.236  0.145
 787 H C   0.537  0.285  0.178
 788 T C   0.477  0.328  0.195
 789 W C   0.423  0.355  0.222
 790 T C   0.418  0.345  0.238
 791 E C   0.453  0.303  0.244
 792 Q C   0.468  0.289  0.243
 793 Y C   0.522  0.218  0.260
 794 K C   0.691  0.084  0.225
 795 F C   0.803  0.041  0.156
 796 Q C   0.910  0.005  0.085
 797 P C   0.951  0.017  0.033
 798 E C   0.972  0.025  0.004
 799 S C   0.967  0.032  0.001
 800 P H   0.259  0.741  0.000
 801 S H   0.216  0.783  0.001
 802 K H   0.097  0.902  0.001
 803 L H   0.067  0.931  0.002
 804 A H   0.058  0.941  0.002
 805 S H   0.040  0.958  0.002
 806 A H   0.031  0.967  0.002
 807 I H   0.030  0.968  0.002
 808 Q H   0.026  0.973  0.002
 809 K H   0.034  0.965  0.001
 810 A H   0.045  0.955  0.001
 811 H H   0.056  0.943  0.001
 812 E H   0.088  0.911  0.001
 813 E C   0.604  0.395  0.002
 814 G C   0.886  0.109  0.005
 815 I C   0.872  0.096  0.032
 816 C C   0.832  0.082  0.086
 817 G C   0.655  0.111  0.233
 818 I C   0.440  0.228  0.332
 819 R C   0.392  0.259  0.349
 820 S C   0.416  0.280  0.304
 821 V H   0.360  0.417  0.223
 822 T H   0.370  0.484  0.146
 823 R H   0.264  0.631  0.106
 824 L H   0.204  0.729  0.067
 825 E H   0.209  0.750  0.041
 826 N H   0.241  0.736  0.023
 827 L H   0.323  0.646  0.031
 828 M H   0.421  0.525  0.054
 829 W H   0.265  0.673  0.063
 830 K H   0.304  0.622  0.074
 831 Q H   0.384  0.559  0.057
 832 I C   0.511  0.465  0.024
 833 T C   0.537  0.457  0.006
 834 P H   0.109  0.888  0.003
 835 E H   0.094  0.900  0.006
 836 L H   0.086  0.908  0.007
 837 N H   0.128  0.861  0.011
 838 H H   0.157  0.818  0.025
 839 I H   0.217  0.759  0.024
 840 L H   0.333  0.648  0.019
 841 S H   0.437  0.549  0.014
 842 E C   0.546  0.446  0.008
 843 N C   0.757  0.234  0.009
 844 E C   0.635  0.243  0.122
 845 V C   0.457  0.235  0.307
 846 K E   0.326  0.243  0.431
 847 L E   0.204  0.315  0.481
 848 S E   0.200  0.303  0.497
 849 I E   0.228  0.273  0.499
 850 M E   0.322  0.260  0.418
 851 T C   0.499  0.264  0.237
 852 G C   0.747  0.155  0.097
 853 D C   0.818  0.129  0.053
 854 I H   0.343  0.576  0.081
 855 K H   0.299  0.605  0.096
 856 G H   0.290  0.572  0.138
 857 I H   0.206  0.591  0.203
 858 L H   0.263  0.511  0.226
 859 Q H   0.377  0.448  0.175
 860 A C   0.553  0.324  0.123
 861 G C   0.710  0.223  0.066
 862 K C   0.644  0.248  0.108
 863 R C   0.621  0.197  0.182
 864 S C   0.616  0.168  0.216
 865 L C   0.734  0.089  0.176
 866 R C   0.843  0.012  0.144
 867 P C   0.893  0.012  0.095
 868 Q C   0.880  0.011  0.109
 869 P C   0.866  0.073  0.061
 870 T C   0.739  0.115  0.146
 871 E C   0.624  0.146  0.230
 872 L C   0.615  0.169  0.216
 873 K C   0.533  0.166  0.301
 874 Y C   0.515  0.153  0.331
 875 S C   0.463  0.173  0.364
 876 W H   0.292  0.392  0.316
 877 K H   0.346  0.357  0.297
 878 T C   0.395  0.380  0.225
 879 W C   0.495  0.363  0.142
 880 G C   0.639  0.253  0.108
 881 K C   0.544  0.281  0.175
 882 A C   0.481  0.275  0.244
 883 K C   0.425  0.267  0.309
 884 M C   0.464  0.217  0.319
 885 L C   0.533  0.202  0.264
 886 S C   0.597  0.152  0.251
 887 T C   0.659  0.148  0.193
 888 E C   0.710  0.169  0.121
 889 S C   0.753  0.151  0.096
 890 H C   0.794  0.117  0.089
 891 N C   0.803  0.090  0.108
 892 Q C   0.604  0.066  0.330
 893 T E   0.359  0.055  0.586
 894 F E   0.273  0.042  0.685
 895 L E   0.338  0.025  0.637
 896 I E   0.469  0.018  0.513
 897 D C   0.709  0.010  0.281
 898 G C   0.958  0.019  0.023
 899 P C   0.856  0.120  0.024
 900 E C   0.734  0.138  0.128
 901 T C   0.660  0.154  0.186
 902 A C   0.660  0.107  0.233
 903 E C   0.739  0.057  0.204
 904 C C   0.932  0.012  0.056
 905 P C   0.942  0.042  0.016
 906 N C   0.926  0.059  0.014
 907 T C   0.850  0.120  0.029
 908 N C   0.814  0.137  0.049
 909 R C   0.724  0.181  0.095
 910 A C   0.624  0.187  0.190
 911 W C   0.536  0.204  0.261
 912 N C   0.527  0.190  0.282
 913 S C   0.468  0.181  0.351
 914 L C   0.443  0.131  0.427
 915 E E   0.401  0.119  0.480
 916 V E   0.296  0.233  0.471
 917 E E   0.312  0.253  0.435
 918 D E   0.358  0.279  0.363
 919 Y C   0.541  0.228  0.231
 920 G C   0.676  0.078  0.246
 921 F C   0.633  0.098  0.269
 922 G C   0.521  0.098  0.381
 923 V E   0.328  0.136  0.536
 924 F E   0.278  0.154  0.568
 925 T E   0.267  0.206  0.527
 926 T E   0.319  0.260  0.421
 927 N E   0.324  0.280  0.395
 928 I E   0.220  0.298  0.482
 929 W E   0.168  0.344  0.488
 930 L E   0.186  0.358  0.456
 931 K E   0.258  0.353  0.389
 932 L C   0.382  0.334  0.283
 933 K C   0.506  0.347  0.147
 934 E C   0.588  0.300  0.112
 935 R C   0.653  0.248  0.100
 936 Q C   0.611  0.225  0.165
 937 D C   0.560  0.183  0.257
 938 V C   0.484  0.158  0.358
 939 F C   0.498  0.129  0.372
 940 C C   0.567  0.097  0.335
 941 D C   0.782  0.109  0.109
 942 S H   0.430  0.458  0.112
 943 K H   0.277  0.570  0.153
 944 L H   0.261  0.577  0.163
 945 M H   0.276  0.578  0.147
 946 S H   0.269  0.581  0.150
 947 A H   0.232  0.606  0.163
 948 A H   0.224  0.603  0.173
 949 I H   0.288  0.553  0.159
 950 K H   0.437  0.461  0.102
 951 D C   0.705  0.271  0.024
 952 N C   0.847  0.143  0.010
 953 R C   0.609  0.230  0.161
 954 A C   0.509  0.222  0.269
 955 V C   0.425  0.220  0.355
 956 H C   0.397  0.233  0.370
 957 A C   0.463  0.223  0.313
 958 D C   0.502  0.241  0.257
 959 M C   0.418  0.370  0.212
 960 G H   0.360  0.388  0.251
 961 Y H   0.244  0.453  0.303
 962 W H   0.206  0.427  0.367
 963 I H   0.246  0.450  0.304
 964 E H   0.302  0.471  0.227
 965 S H   0.372  0.452  0.176
 966 A C   0.452  0.446  0.102
 967 L C   0.549  0.392  0.059
 968 N C   0.677  0.276  0.046
 969 D C   0.693  0.237  0.070
 970 T C   0.542  0.175  0.283
 971 W E   0.407  0.117  0.475
 972 K E   0.317  0.115  0.568
 973 I E   0.326  0.100  0.574
 974 E E   0.415  0.094  0.491
 975 K C   0.477  0.124  0.400
 976 A C   0.565  0.100  0.335
 977 S C   0.487  0.088  0.425
 978 F E   0.304  0.050  0.646
 979 I E   0.235  0.040  0.725
 980 E E   0.189  0.039  0.773
 981 V E   0.228  0.060  0.712
 982 K E   0.297  0.068  0.635
 983 S E   0.404  0.072  0.524
 984 C C   0.571  0.035  0.394
 985 H C   0.651  0.026  0.323
 986 W C   0.834  0.025  0.141
 987 P C   0.892  0.049  0.060
 988 K C   0.792  0.130  0.078
 989 S C   0.689  0.177  0.135
 990 H C   0.562  0.185  0.253
 991 T C   0.461  0.137  0.402
 992 L E   0.390  0.157  0.453
 993 W E   0.387  0.179  0.434
 994 S C   0.520  0.166  0.314
 995 N C   0.873  0.071  0.056
 996 G C   0.884  0.046  0.071
 997 V E   0.434  0.050  0.517
 998 L E   0.357  0.054  0.589
 999 E E   0.368  0.074  0.559
1000 S E   0.338  0.092  0.569
1001 E E   0.327  0.076  0.596
1002 M E   0.312  0.046  0.642
1003 I E   0.354  0.022  0.624
1004 I C   0.658  0.008  0.334
1005 P C   0.751  0.026  0.223
1006 K C   0.726  0.198  0.076
1007 N C   0.734  0.211  0.055
1008 F C   0.725  0.197  0.079
1009 A C   0.877  0.051  0.071
1010 G C   0.910  0.036  0.054
1011 P C   0.877  0.059  0.064
1012 V C   0.745  0.138  0.117
1013 S C   0.699  0.171  0.131
1014 Q C   0.665  0.177  0.157
1015 H C   0.753  0.097  0.149
1016 N C   0.764  0.071  0.165
1017 Y C   0.836  0.014  0.150
1018 R C   0.856  0.013  0.130
1019 P C   0.894  0.036  0.070
1020 G C   0.856  0.043  0.101
1021 Y C   0.735  0.082  0.184
1022 H C   0.708  0.086  0.206
1023 T C   0.692  0.101  0.207
1024 Q C   0.736  0.070  0.194
1025 T C   0.762  0.047  0.190
1026 A C   0.837  0.029  0.134
1027 G C   0.887  0.032  0.082
1028 P C   0.853  0.095  0.053
1029 W C   0.648  0.102  0.249
1030 H C   0.561  0.118  0.321
1031 L C   0.563  0.114  0.323
1032 G C   0.629  0.053  0.318
1033 K E   0.471  0.053  0.476
1034 L E   0.348  0.042  0.610
1035 E E   0.289  0.048  0.663
1036 M E   0.337  0.042  0.621
1037 D C   0.485  0.045  0.470
1038 F E   0.428  0.065  0.507
1039 D E   0.464  0.068  0.468
1040 F C   0.696  0.073  0.231
1041 C C   0.872  0.049  0.079
1042 E C   0.911  0.022  0.067
1043 G C   0.916  0.008  0.076
1044 T C   0.654  0.007  0.339
1045 T E   0.132  0.007  0.861
1046 V E   0.081  0.010  0.909
1047 V E   0.059  0.011  0.930
1048 V E   0.080  0.011  0.909
1049 T E   0.198  0.019  0.783
1050 E E   0.474  0.028  0.498
1051 D C   0.706  0.037  0.258
1052 C C   0.886  0.047  0.067
1053 G C   0.921  0.046  0.033
1054 N C   0.921  0.049  0.029
1055 R C   0.928  0.017  0.055
1056 G C   0.917  0.017  0.066
1057 P C   0.837  0.055  0.108
1058 S C   0.627  0.059  0.315
1059 L C   0.462  0.078  0.460
1060 R E   0.319  0.062  0.619
1061 T E   0.314  0.041  0.645
1062 T E   0.355  0.029  0.616
1063 T C   0.691  0.026  0.283
1064 A C   0.858  0.043  0.099
1065 S C   0.901  0.052  0.048
1066 G C   0.906  0.049  0.046
1067 K C   0.787  0.076  0.137
1068 L E   0.399  0.071  0.530
1069 I E   0.333  0.101  0.566
1070 T E   0.314  0.119  0.567
1071 E E   0.247  0.159  0.594
1072 W E   0.293  0.169  0.538
1073 C E   0.385  0.208  0.407
1074 C C   0.634  0.180  0.186
1075 R C   0.672  0.250  0.078
1076 S C   0.682  0.241  0.077
1077 C C   0.869  0.064  0.067
1078 T C   0.898  0.023  0.078
1079 L C   0.929  0.007  0.064
1080 P C   0.953  0.013  0.034
1081 P C   0.906  0.056  0.039
1082 L C   0.584  0.101  0.315
1083 R E   0.380  0.094  0.526
1084 Y E   0.374  0.060  0.566
1085 R E   0.475  0.019  0.506
1086 G C   0.895  0.019  0.086
1087 E C   0.913  0.035  0.052
1088 D C   0.928  0.034  0.038
1089 G C   0.911  0.021  0.068
1090 C C   0.693  0.020  0.286
1091 W E   0.306  0.014  0.680
1092 Y E   0.398  0.016  0.586
1093 G C   0.514  0.026  0.461
1094 M E   0.453  0.025  0.522
1095 E E   0.358  0.022  0.620
1096 I E   0.397  0.019  0.584
1097 R C   0.523  0.044  0.433
1098 P C   0.652  0.047  0.301
1099 L C   0.872  0.093  0.035
1100 K C   0.849  0.129  0.022
1101 E C   0.551  0.435  0.013
1102 K C   0.501  0.490  0.009
1103 E H   0.450  0.540  0.010
1104 E H   0.472  0.512  0.016
1105 N C   0.530  0.446  0.024
1106 L H   0.420  0.540  0.040
1107 V H   0.392  0.547  0.061
1108 N H   0.388  0.559  0.053
1109 S H   0.422  0.506  0.072
1110 L H   0.408  0.499  0.093
1111 V H   0.440  0.458  0.103
1112 T C   0.471  0.441  0.087
1113 A C   0.642  0.313  0.045
1114 G C   0.787  0.188  0.025
1115 H C   0.738  0.243  0.020
1116 G C   0.697  0.278  0.024
1117 Q C   0.581  0.357  0.062
1118 I C   0.589  0.352  0.059
1119 D C   0.569  0.405  0.026
1120 N H   0.311  0.675  0.014
1121 F H   0.276  0.700  0.024
1122 S H   0.180  0.796  0.024
1123 L H   0.120  0.860  0.020
1124 G H   0.101  0.889  0.011
1125 V H   0.030  0.967  0.003
1126 L H   0.032  0.966  0.002
1127 G H   0.031  0.967  0.002
1128 M H   0.022  0.974  0.003
1129 A H   0.018  0.979  0.003
1130 L H   0.020  0.977  0.003
1131 F H   0.033  0.964  0.002
1132 L H   0.039  0.960  0.001
1133 E H   0.033  0.966  0.001
1134 E H   0.047  0.952  0.001
1135 M H   0.064  0.935  0.001
1136 L H   0.130  0.869  0.001
1137 R H   0.408  0.591  0.001
1138 T C   0.676  0.323  0.001
1139 R C   0.797  0.202  0.001
1140 V C   0.786  0.214  0.001
1141 G C   0.793  0.207  0.000
1142 T H   0.406  0.594  0.000
1143 K H   0.195  0.805  0.001
1144 H H   0.098  0.900  0.003
1145 A H   0.037  0.957  0.006
1146 V H   0.014  0.978  0.008
1147 L H   0.007  0.983  0.010
1148 L H   0.008  0.979  0.012
1149 V H   0.012  0.973  0.014
1150 A H   0.013  0.973  0.013
1151 V H   0.024  0.962  0.014
1152 S H   0.041  0.951  0.008
1153 F H   0.060  0.936  0.004
1154 M H   0.055  0.942  0.003
1155 T H   0.056  0.940  0.004
1156 L H   0.061  0.935  0.004
1157 I H   0.084  0.913  0.003
1158 T H   0.188  0.810  0.002
1159 G C   0.843  0.155  0.001
1160 N C   0.899  0.099  0.002
1161 M C   0.913  0.082  0.005
1162 S C   0.891  0.102  0.007
1163 F H   0.158  0.839  0.003
1164 R H   0.162  0.836  0.002
1165 D H   0.167  0.831  0.001
1166 L H   0.142  0.858  0.001
1167 G H   0.182  0.816  0.002
1168 R H   0.181  0.809  0.011
1169 V H   0.098  0.868  0.034
1170 M H   0.053  0.895  0.051
1171 V H   0.042  0.910  0.048
1172 M H   0.061  0.887  0.052
1173 V H   0.154  0.786  0.060
1174 G H   0.274  0.704  0.022
1175 A H   0.329  0.664  0.007
1176 A H   0.359  0.631  0.010
1177 M H   0.470  0.523  0.007
1178 T C   0.551  0.446  0.002
1179 D C   0.570  0.430  0.000
1180 D C   0.508  0.491  0.000
1181 I H   0.246  0.753  0.001
1182 G H   0.285  0.715  0.001
1183 M H   0.163  0.836  0.001
1184 G H   0.123  0.876  0.001
1185 V H   0.035  0.964  0.001
1186 T H   0.027  0.972  0.001
1187 Y H   0.007  0.992  0.001
1188 L H   0.005  0.994  0.001
1189 A H   0.006  0.992  0.001
1190 L H   0.008  0.991  0.001
1191 L H   0.015  0.984  0.001
1192 A H   0.024  0.975  0.001
1193 A H   0.057  0.943  0.001
1194 F H   0.245  0.753  0.002
1195 K C   0.563  0.435  0.003
1196 V C   0.662  0.333  0.004
1197 R C   0.767  0.224  0.009
1198 P H   0.473  0.520  0.007
1199 T H   0.429  0.564  0.008
1200 F H   0.334  0.655  0.010
1201 A H   0.212  0.780  0.008
1202 A H   0.175  0.820  0.005
1203 G H   0.191  0.804  0.006
1204 L H   0.169  0.826  0.006
1205 L H   0.161  0.832  0.007
1206 L H   0.179  0.814  0.006
1207 R H   0.347  0.647  0.006
1208 K H   0.474  0.522  0.004
1209 L C   0.770  0.229  0.002
1210 T C   0.827  0.172  0.001
1211 S H   0.354  0.645  0.000
1212 K H   0.122  0.877  0.000
1213 E H   0.083  0.916  0.001
1214 L H   0.075  0.922  0.004
1215 M H   0.076  0.918  0.006
1216 M H   0.065  0.928  0.007
1217 T H   0.065  0.927  0.008
1218 T H   0.045  0.948  0.008
1219 I H   0.029  0.962  0.009
1220 G H   0.032  0.955  0.013
1221 I H   0.020  0.963  0.017
1222 V H   0.014  0.969  0.017
1223 L H   0.033  0.946  0.020
1224 L H   0.125  0.855  0.020
1225 S H   0.425  0.561  0.014
1226 Q C   0.747  0.250  0.003
1227 S C   0.919  0.080  0.001
1228 T C   0.961  0.038  0.000
1229 T C   0.917  0.082  0.000
1230 P H   0.138  0.862  0.000
1231 E H   0.086  0.913  0.000
1232 T H   0.067  0.932  0.001
1233 I H   0.042  0.955  0.002
1234 L H   0.059  0.938  0.003
1235 E H   0.062  0.936  0.002
1236 L H   0.031  0.968  0.000
1237 T H   0.051  0.949  0.000
1238 D H   0.040  0.960  0.000
1239 A H   0.013  0.987  0.000
1240 L H   0.017  0.983  0.000
1241 A H   0.014  0.986  0.000
1242 L H   0.010  0.990  0.000
1243 G H   0.019  0.980  0.000
1244 M H   0.030  0.970  0.001
1245 M H   0.029  0.970  0.001
1246 I H   0.019  0.979  0.002
1247 L H   0.027  0.970  0.003
1248 K H   0.057  0.941  0.003
1249 I H   0.136  0.862  0.002
1250 V H   0.287  0.712  0.001
1251 R H   0.430  0.570  0.001
1252 N C   0.658  0.342  0.000
1253 M C   0.608  0.392  0.000
1254 E C   0.512  0.488  0.000
1255 K H   0.190  0.810  0.000
1256 Y H   0.114  0.885  0.001
1257 Q H   0.111  0.886  0.002
1258 L H   0.070  0.924  0.006
1259 A H   0.038  0.952  0.010
1260 V H   0.024  0.962  0.014
1261 T H   0.015  0.968  0.017
1262 I H   0.008  0.976  0.016
1263 M H   0.008  0.978  0.014
1264 A H   0.011  0.977  0.012
1265 I H   0.026  0.963  0.011
1266 L H   0.074  0.917  0.009
1267 C H   0.201  0.793  0.006
1268 V H   0.493  0.501  0.006
1269 P H   0.435  0.563  0.002
1270 N H   0.321  0.678  0.001
1271 A H   0.183  0.812  0.005
1272 V H   0.097  0.898  0.005
1273 I H   0.103  0.893  0.004
1274 L H   0.190  0.808  0.002
1275 Q H   0.291  0.708  0.001
1276 N H   0.307  0.693  0.000
1277 A H   0.138  0.861  0.001
1278 W H   0.072  0.927  0.002
1279 K H   0.051  0.947  0.002
1280 V H   0.049  0.948  0.003
1281 S H   0.040  0.957  0.003
1282 C H   0.029  0.967  0.004
1283 T H   0.018  0.976  0.005
1284 I H   0.006  0.989  0.005
1285 L H   0.008  0.985  0.007
1286 A H   0.013  0.980  0.007
1287 A H   0.021  0.970  0.008
1288 V H   0.065  0.926  0.009
1289 S H   0.216  0.770  0.014
